0 0 150746211 43226126 25327729 15842860
128 0 404487780 162443403 66219450 23170232
256 0 199191783 84619021 42816026 24949580
384 0 293631054 100050143 53785693 31234889
0 128 191320574 61486951 30147986 15875834
128 128 839432476 447739477 243477784 114833617
256 128 524104491 276953196 146854772 78425575
384 128 253506864 86919887 48230020 23411994
0 256 522856964 278829656 163334815 89722452
128 256 791200841 438257319 242241598 136884818
256 256 491666893 238812114 130073984 71472735
384 256 120682542 53924560 31525677 16421613
0 384 585504765 282640751 164788427 92730135
128 384 746735660 396721691 225455062 121861924
256 384 192794653 82230579 44991285 25925446
384 384 298300920 113708555 66541759 38957477
